200 250 4 12
1000111000010011011011001000111111011111100000001000011101001111110000011010100010110011000110001111011101000110101101101111000111001100011001010011001101000100010110010011011000001110001000000101101111100000010100111100111101110100110010110111010010
0100110001110011111010110001011010011000011011000111110001111000110101111101011110101101001000011010111010100010110101011111001001100000001111010001100001100110111000001001010010110001100101111111111111000111100000100110010001111100011101110000010000
1001010000001011000110111110000110110110110001101011011101100010110111101101100101101001001001011001010111010010101010100000110001110000001011101011000010100100101011101001101111001000001001101111110111100011001111000000011111100101101100001101011100
0101111000111011010110011011001011011010111101011100110010110001101011101110011110101010010111110011100111100110110100011100110100000111000110010000111011011101010110111111111001100100111110101100101111110101011111000111001100010001001110100000100011
0111000010111010010100100101000010010000111011011011101000101001001101101011111000000001001010011111000111111010100101111111101100100011001010000111000110100010001010010000000100111101001111100001111010110000010110111000111010110111111000000100010111
1011101100000101100001000001110010111101001101100111111110000010000101110010001110001000101010101100011110011101101010010000010100111100110100001111000001001101000100101011110011001011110011010111010000011110100110001110100111101110010101001010110101
1101100100111101110100100100010100101001100011111111000101011100111110110101110101000001011101100110101111110011110101010110000001011110010000000101001010100011100001101101110010101101101010110110000011010110011101011111100111111011101010000101111000
0110010011111001010001001100101111001000001110110111001010110110010110111110101100111101010110110000000111101111010000001101011000011100101000110101100110010101110010010110100011011100011010011110101101111001110000111100011010110000110100010101101100
0100011110011110000101011111100011101001110111010101101001011101001001011001000110000101101110010101110011110101010111000101010111100001100001101111100100000111010011000111010111100001010101111001011010010010110111001110000000001000010000011110000000
0000011000101100111001001101010010011111101001110010111010011111011101101011011000111100111000010100000001001011101000110001001010101100100001111110111101000001100001111100000000111010100010010011100110101110110100101101101100000001010011101111101011
1101000110101010011101001000010110010010010010101010100100010110000101110000100101101010101100110011010000111111101110011000111110110111100000111101011001011011101110000101101101111001011010011000010001101010000111110001000110111000101001010101011000
0011101110100011011110100010101000111000011000011000001110100001101000100100110101110100100110000110010000101000100001111111010110000110111110101101011011011110111101100000010100111001111110100000111101111010010111011011101101010101110000000011100100
1110010010001110110010100001110000110000110000010001010100000001100111111011010011111110101110010111011000000111100011111001000010001101001110100010101010010011111100101100110011011100010110011100011111000110111001011000001100111011000111011001111111
1110000110101111111100001101000101000101110111000100011001101010010101011010000001011010001010011011010011001011001010101110100100110110101010000001010000100111100110001000000101010110001101001001111010100111000011101000001111111011010010111010111000
1001000101000100100110101100001101101001101100011010100110011110110010110110110011101110110001101111101001111110000110110111001010001101010111110110110110100111111111111001001001010010000111010100001010000001111101011111011010110100101101100111001111
1110000011100010011111110101001001010011101111011100111011001100100111110100010001011001011000000101011000101110101000101011111010011001011111010011110000000010000101111010101110110100110001000100110000100101010001110110001101111010100100001100001011
0001111110010110111100001010011100110001010001101001000111110100001110100010000001111111100110011000000110011100011010101100000111111111111001000111001101001101001011100110001001111110010111011001010110101101001010100100010100010000000101001111101101
0101000110001101101010110010010111000000100101100011110000110010001100010101100110011011111100110000011000110000000010010000011110110100110100010001100000110101101000111010101001110100101101011001000010010100001111011100111100100100010001011100000010
0011011101011010101010001111100101001010110011000011011010101001001100000100010010111011010011111000101101110000010100111101111101100101011011010001010010011000001000110010101100101010001001110001001100111101000010100101011000110100011101100100110101
0010000010111111101001100111000110100111011011011011001111000111010011010010101110100001000111011100000010011111110101101111000010010101010111000011000111100001011100111101010010100010011010100010111100101110100011111001100000010010111101110111010110
0111001110010111001100010100101100001111011101011010101110100111101111000000100011100010111101111010110111000110101000000000110000100010000100001111101111110011001100011101111000000110011011100111001110110101101011010011001011110001010101101010001000
0101101101000011000110110001001010011001100011101010111001011110010011011000101010110011110000111001100010001001010110001001100101011000011101001010111011101100010111100101110000000001111110101111110011100110001000100011000101110010010111011111001111
0110110101101100110000111001100110010110100100110110110010101000010011001010111011011110000110100111000001101110110110001110000100110110011100101000110110100111001010011000010100011100100100011111011010111011001110101001010110010110010001110011010011
0100001111011011100100101010001110100010000101110111110100101001011101100010010110010111000100011000011011110000000100001001000000110100111011011101001000110100101010011100100001101011011010100011011001011100010110100001101100100010111110101110001000
0100111100111110110110100010000111111100011000111101010100000110110011000011110100011100110101000011100110101000000100011100001010101001010100010001011010110110110110010001000100001101010011101000111001000001101001001111011001101000101010000010111000
0001110111001101011010001111001001010001001101010010100111011011110111000100010001101000010101000011011001011100101100111111010010101000010010010011110110111111101010101101010010011111001110011111110111000111001000111111100101110001110111111010000001
0101010101100011101000001101000011111000001111110010001110111001000011110111001011011100000101100100110010010111111001110110111001101101110111100100010001101010110001010111010101110000001001100100011100000001100010100001010110110011101000011110110110
0000011011011000000011011011001111111000111101100010001010000001011100111111111011001001000010011000100000010011111001001111001110001101001001010100101010010001100001100100111101111001101100111001111110000011010011100110111000100100101111111100111110
0110011001000111000001011001011000110110010001001010110100010111101111000101100011111111111010110100101001011011001000100000000000100000000100110100000000101101100010101110100010101011001110110000100110100100100101100110111111001110110011001000010010
1000011001011011111000010110111101011101010100110000000101100000100111000000011111110000100100101100010110011101100001010110010010001101100000110111000110111101110001000001011010010000001100001101001101010100111111100110001100101100111110001011110000
1100011000100111010000101000100001001111100000001101111110011001101100010111101001100101010110010110011010111110010010100101000100100101000100110001011111000001111011010110110011010101010101110011100100010011011000101001010110000100110000101111110000
1110000100101110000010011000000000110000110111011111110110100110101101101110000001111001111100100111011100001001000111001010000010101000111110011110100001000000110111001100101000111011111001111100101110111011100100110001101100110011001111001001010001
0101110000010100101101011110000111110000001110110110110001110001001010011111100011110101110001001100101110001001101111110110111100001110011100111001111001001100101111010110101010101110100011111011101010100111110001000110111101011010011111000011101111
1101000011011011001010011010111011110111010110000110110101001111011110100100011100010001000011011100111001001000101000100010010101011111101001111100010001011101101110011101100001100110110110111101111110111111111110011100001011000011001110010010001000
0010000100000100100001000011000100111011111000001101011000100101110101111011100011010000100011000000000100100100001101011010010101110110101101001011111011001101100111101110101000001110110011000001101101100100111010011010111110101111100111001010001001
1000010001101111001110000101101010010000011010011010001010110000101011110111010100111110010100110011001000010101100011101011110010111001110011101001100101101100001100111000110010110111111110011100100111100110110001100101101100111100100000111100101010
1100010111110111110100101100100101011110001000001000110010101100110110111110101000000001100111100010100000100101000011101000011110101010000101010011011011110000101010010010010100011101011111000111000011011001111101100110010000000001101110000101100100
0011101101011110110110011111101100011011001001001010111101111001001000100001010011000110110110110001010000110010101010001100110110101111010100011011100001001010000011101100111010100010100000101111010110100110101010101100100000100010111101010011000001
1110001111010000111100100010001111000110011110000110110100100100011000110001100111000000011001100100110110010000100000001111100011111000010110000011111101101110001101011111101101100100101001101010011100100010001000011100010100001101000011011001001110
1000011000001101100101101000110001100000011100010011001001001000010000111111110101101100110101000001001110110101011010010101101001100111110010100100010111101011001010111101011000000110111011001001110110011000000100010011010110111100100100000101111100
1111011110110001100110011111110110000110000010111110110000010010000101010111011011011100010100101110000001001010000000100111111101001100011110111001100110010010111101000000101001010001010101000111010100110110001000101100100101100110111111001010100101
1101110010010001001001100111100110110100000011111100011100011011100110111110100001000011101101001110001111000001110111000001011111001101111010011111001100011100011010111101011011101000110011001111001000001101000001000001101010000111010000111010000010
1010010011101011011111100011011001100100000010001101000110011011010010000100011011000001001000110110010001011010000010011110101111001010100100010110000111101010111001111011000010011000001011011101001100100011101101110011010010101010101000011111111110
1110000011011100100100000110000101111111001110010110010100110101101111110110111000010110000111000101111000101110100100000100100101011010101011011110100001001001011100010100001010010001011111011001111101100110110000100000011000011111110010111100001101
1001111100000100010100110010110010001010011100001011101001101100000011000110000110010001100110111100001110101100101110000011010010110111100000011000000111100100000101100111100100010100010110010110011001100101000111010100101001000101101101111100100011
1111001011001000111110101001001111000101110010011011100001100001100101000001111100000010100011000100010111010001001001010100001110011111100100001111101001110100110010110011011010000100111011011001100111010010011001000001011011010100110011110111110101
0000100001010111010100010100110000101011100100100100101000000011010010110110100001101000000111000111011111111101111100011101011100101000001001110110100011111000000010001010011000001001101001100110000010101101010100101000100110111000011110100001100101
0110011001010011101100101011011000100001000101111110011101000000100100111001100110101011101001100001010010110110100101011100110001111011101101110010010111000111101100101010110011000010100100110010100111110011101111011010010110010011011110110111110101
1001011111111101010111101010000101011000111011101011000001011110011111101001100110101110101001100110010000110110111111111001100101101011100111111101010010110010101111101110011011101100110011111011001000111001000011000011011011000110001111010001111111
0010011110000110111111000100010001111110110111010000100000110111110101111110001011110011011100010101100111110100011011101101000110110101010100010110101001111001000101101001011000110110010000001010011010101101000001110011011110101110101010010111001001
1001010010000010000111111010001011100100100101011001000101011111100101010001011101001100110101111100100000111101111111000001111011011010010011010000001100101110010011011100111001101010110000111001110110110010100101000010011001100000011110001011110011
1110100011101101011011001010010101000011101001000011001101000000001100101010100000110000110000111010000001011111000011010100010110011100110010010100001111111011010101000011001011110001000101100111100100111010000110110010111001100100110100000110110101
1101010110100111011001000000111000111011111100111010000011001101111000000000110011100100000111011111001011001010000000011111100110111011111110001101110101011011101000110111011001111111011111101111100101110001010110011000100110100001001000100001010000
0110101101000010101110101001100001110101011011010000001000111100011001100111001011100010001001110011010001001000100101101011100000111001101110110000011011011101111101010000101000110100110111111100001100001011100110001110101010110111011010000110101110
0110110100011000001010101110110010001101101001101101100010000000011000010101010101100111011101000000100101010000110000100111111010101001001010010001111011101010010001101001110100000111000001100001101011101111101010100100000001011110000000010001110000
1010101100010101000100101001000101110110101001000001010101010010000110001111101110111111110100101101101110100010100000100101000100101101010000001010011110001011010100111100010111100101101101111010101010000001000001111001111100000001000101000100111011
0010101111011110001100111111110110111100011011110010010010010100011011011110101010001101010110010110100010110111001111000110010010001111111001101100010110011101011010100000111011101110001101010010100100000001000010111110000100100111111110101101010001
1000010111001111001011110101101001010011001001010000010100111100111110000111001100100111010000111100000101000001110000110111000001100010100111111110101110000101111110011010110011010100101100100010111101100111000011101110101011110111101000100001011011
1011000001000000101111111100111000100111100100110011110111001100110101001100101100001010110000101001110010110111110111000101101101010000010000001101000001011001100011110111100000010110101010110110000110011100001011001011010011100010101100000011111101
1010101010101010101001000001111110110000011111111000101110011001001100010010100100100000110100011100111100000111010111100001010010001100101000010001011010101111101001111001111001100010111100111001011101111111111101011110101111111011011011010101001100
1101011111110100001111001101101011011011011110010110011101110101111010100001110100101010001010001000000010001110101111111101011010000101010010011100000110011000110110101001000011011110110111111001101101100111110100011011101101010010100101010011100111
0001101000101100101001000111111110010111100101110001000110101101101001111010101111011101111101000101011001000110011111101111000110111010101010110110100111110001100101111000011100100000001011011001010111011000110100100001110000110001110000000111011101
1001111000110100101011111000001100011011001100101100011000111011100001000000000100001001100101001101111011101000001011111110011111111111010011011010001110101100111100110000001010001011100110101110101111111001101010011110001111100100111001111000011010
0000101000000110010110000001011111011010011011101000111000110001110111011101101000100000001001110110000001011010000110011110100011001101000110000001000111100111001001111100011100000000010100101010110000000011001100001011110010000111011000111101111000
1010111011101111011101000000000000011111110011001100111000010110111101111110001111111111111001010111010001000001100101001111101010111100010110001100111000111110111101000100000100101101011101111100011010100011110111111001101001001001000000000010010111
0011111110100011111111111101010100100001011101001010001011110001010000011001100001111000100100010111000110010111100100010011000011011001100010011111001100101101011010101000101101010001010111001001111011010001000101010111111100110011001100001101100001
0110110101101111110001100011001010010110111101001111110110110101000000001110001111001011100111111011001001010001111110000001010111101000111001111001010001111000101100011000110011011110101101001110111111101111001001110101011011110011011000000100110011
0111011100010101110100100010101010110100110100010001011001110110000111000011101111101000110110100000010110111001010111000110111100110110000110000111011010100100011111111001111000000000100000111010011111000110100011010010011100000001110001100010111101
1001011101111000100011110110011011101111101110100100001111001101100100011111011000001000110000100100011010101001010011110010000101110111101101100010111100100001000001100101100111111101100101011010100100111010111110100010100111110100000001100101000100
0011001010101010000001101010010100001011100110110101110001100010101110110110100001010011100001000001000000101100111110111110001011000001111000100011001110010011100011101111000010111100000011111100011011010100100110010111101110001010101101101110001010
0010101101110010110111100010000011011111010110001000011000110111101100100101101110110110001101011000111100011000100110101000001110111001110101100100101011111010111111101001110110110101101000001111001000011010001100111100101100010110010000000001101001
1101011011000001101101111010111111000100111100000110011010100100100111101001010001001111100110100111000000011111110010000011100011011101100011011110000101111111000011010000110110011000000101110100010111101111101111000000001010010101000010001111011011
1111011010101001010011101100011110011000010100000110010100110100001001110001101011111000010101110101011100011110011101101001111010011101010000011011111011011011110110011100011101001000110101110101001011110000110101101011010110001010000100101110001110
0011000100111100001110001100111010101100111111110010010000101011010111110111000001100000001110111111010101101001010100100011100101000101110010110010111101111111010111111110001101011001011100110011101001010101101011000010101110101110001000110001110011
1000010001011001011101001100111100001001100110010111001100000101010110110100110101100100111001110111101001100111011010000100101001010100111110000101100000101001100000110110010001101001101011101011100111000110101010010000001000000110001110100011001000
1000011011100010101000100000001110110100001010001100001111010111101101101101101100011011111011110101111000111111101110000101111100110101101110001010111011111110100111010101110111010100101111010010011111001010001100010111100111111100100111000010001001
0001101001010001000101101110011011010000110110111111100011111001101000101111100010111111111100011001011000101011101011100000001011110001001110100111001010110110111100000000110001000010000101001101001011001000011001010000100111000101111100110000011101
1001000110111101100100100100011010110100010111011010110001110011100010111000100001111101100001101000100010001010010000010010000111100101101110011111111011011111000011111000110010110011101001000000011011100000111110111111101011000001100101000011101111
1100110000000011001101011000101000101111011000011010100011010001000011100101111001000111011010101111001011000011000100001001001011001101001100100111111101110101110010101010001101001101001001110001010001110101010111111010111100000001101111100011010010
1101111100000000110111100110110101101001111101011001011011001111001001111101111110110011111000000011001011101001100010110100011010001011000011110000101110000000100110110100000001110000101011101000001000010011000101111010011010111000111011101000010011
1000001011000010000100111101100101001010000101000011101010101101111010111100010100010001100111001111010101101010000110000000110110110111001111000101110111110001001000000011101010001100111100100100001011101110101101111000000001011111010000000011001110
0111001010110100101100010100110100010110011010111110100110000110010011101011111110010101001000111010000110110110101110110001111101000010110001100010000100001000110000011101100110100001111010001100000001010001100101000100000010110100010001000011100110
1100101010110110010101000010110100011100110000101110001001110110011000101010111000010100001001100110100011111101001110000011111001010010011011111010000011110011111111000111100111100000111110110110011000011000101011011111101001011000111110101111100110
0101010111110000111111011001101100010101110000000101110110010110110001011010000110001101100101000110010101001111101100100101011000011010110111000100010000110101111011110111011001000101111001010100100111011011111110001001101111001101011000010011101011
1111010110101000111011111001000000100000101000111001110000000010010000100011110011111111011010001011000111010111011000000100100011110100011101110111001001010110001000101110100110110101011111001000000000001000110010000101101111101011111011100011101001
0001000001000000110100101111011001011000100100010010100011100110001001110001110011100000010110000100100101000001100000000000000111001110010101110111000110010101010001001100110100011101011001101111011000010111000101010110001111010001100100110100111001
0111000101100110101000101010111001011011000110010011011010001011010111111110110110011101100001100111111100100100111001111011000101111001101100011011001111001111110100110001010000011100011010001000010101010000011011000101110111110100110110010011011101
0111001110100000000001010111010000110100101100011100100000110101100100110011101111010101010111000101010011110111101000000110000100011110110110111101111110100011111000100001011101001011110011011110011011101110110101100000010100111110010001111100010111
1100111010111111100010100001000100010101100110001011101011011101110000001101010111011100101111100011001111000000000111110111000110101111010001011000011100111100111111010100011010111011010110101000000101101000000100001011000001101010100101100011101100
1011110100100000000101010001011001000000001110111000000001101000110000011011101010100001001110010101000001101010100001010100101100100000000110101000010110001001110001110111000010001001010011110001001101111011011101111100110100000111110010110101010011
1110011101100001000010010011101101100110011111010010001111001111011000101010010100100110110000011101100110111000010001111001010111101011100110110000000010110100101000011010011011100011000111101000101010101010000100100101000000100000011011011011111001
1001100111010001000101011010111000101101101111000001001001010101101100010100111001101110111010110011000110011100110110101101000111000111010100011101011011111101101111011001100000010100000101100000011100101010001100000101010010011011000001001100001100
0011011100000000111000010100000011101100010110100101010001010010101111001110011011000110100101111100000010010010100100000110100000011001101010000001001111001000110100110101011001000111000011101010011011011100000111100000010100100000010000101101011101
0011111011101010100110011100010011010010011111000010111111000110100101011011101101111011010101101001100000111101011110000000101101010001010110001000101110111010010110011001110011101000110000000111001011001100110110100101011000100100001001110111101111
0110110011101000011001011011100111111100101000110101010010011011101110100100000101010011000011111111001101101000011011100101001001010111000111100001101100010111100111011001000110000111011010011011011100101111001101100100001011001010101110011100011001
0001101011010110011101000011010100101111100111001000100101110111010100111011100100110100100101110000000010101100110101010001010110000010110011110111101100100011001000001110101000101010000000001101011011110100101010110010000100011111010010111101000100
0101001001000110001101100110100001100100000100101111110011001000100100001000011111001000110010101010100110001101110011101111100111001001001000100101000011110101001010010010100111100001001010101000010001001011100000101010011100011000101100110010110001
0001000000011000101111110101101000011000000011110000111100010011110001000110000101100010001100000011001001110000000000100110100011101000011111011001011001110111101000001011100000101011001001111100110010001110111011001111001001100111011011010111101110
0100001001100101100101000001001110111000110111010110101110000111100101001110001101001010110110110111101101101001010000000101111011101010001011000110110011010010111100110001110010111111001100010110100011000000100110111100100001001110000110100011001010
0000110111111111110011000010001101100101111001011001011110011101011110000001010000011000111010110111011000110010110000000111110001111101110100000100101101100110110110000110001011110110000011000000001101000111110010000010110001010000010100000000010111
0111001000011100111001111010011011110001111110011101001000111100101101100001101011100101101110100011000101001000000100110110000111001000110100001001011100010110101100110111001011001101111100001101010011111000000010001011000000011110101001010101101011
1000011000101100111101010011001010111001101110101111011010011100001110000101111101100001100000011101011110010001010111010111100100110001001011011100011111111110110111001111000110101011111101010111101111000001010101111001000010000100101110100101101100
0101000100110110101101010100010010000110100111010011000110110011010000000010111010000110101110011100111111111110110000100100011110111010001101100011011111000001000111101000001111011011000101101101110111100101000110011001011100111101101100111100001110
0001101011011001111101010001000110011010011010010101011101000101010000100011110011000101101101110101111110011101110110111110110101111001000111110010110010000101001111001011001101010001000000010000000000110010111001101001100100110001100101110001001101
0111111100111110011001100000011001100001111000110100101100010001001000001010001111001100011001110011000101100001010100000111101111000010110101101001001011110110011101110000100001001100100111110110010111110000101000101011000011010111010010110001100110
0111110100100001011010101101101100111100000101011010111100101100001011111111101011010111101010000111000010100111010010000101001011001001010110110011011011011010000101100000110010101010011000100001011000001000010101111011100111101111101010100010011010
0001011111110111001111100100010111000001011011110010010101011111010111010111110001110010001101001011110101100011010100000100110110011011111100100110000001101000000110100000000001001011010011110010110010011111110110111110110001001100010101111110010000
0010110010110111100011111011010111001011101001111011100101100111100000011101000111101001010011010010000001110010010101011010110010010110000101001000010111110100100000101100000011010011010010001000110000100101100010011011000010010110110000001110001010
1010000011110011111101000111111111110111101101000110111010010101000001111001000010100100111000110111101000110011010010001001010010000000000101101110000100110010110010001010101111001001101000101010101011101110110110001010101001001101101110111000111000
1101001011001000111100001100011001101010101100110010000111100001000111000011101101011111001000011011010001001110001000011000001100110100001010001111000010011100011010111011111010001100001111111000100001000001100000101011011110111001101000111001001000
0110011010111001001100111000111000001110010101011001001011000100001001000110111110011110101110010011001000100000101101000110000000111101101101101101111101111010010010111011011000010001111010101101010101011001100110111101101001100111111011110101100100
1011110110111111011001000110111110011111010010011000111111000111001011101100111001101101011101110101010110001110101101010110110101001001010101101111000010010100000010000011010000001111100101010111000100111100010000100001000110100011101011100110111010
1000010110111001000000000111111110111010001001111000001011111000111001010000101001010010011100000010011000100011011011010011100000110011001100011101000101011011011100010011010001101000100011000101101001010000011010010101101111001011101001111000010011
1010011000111101111010110100011001101000000011000000100101010100111000010101011110110100101010111101110010101000000011111000011001001011111000000000011111011110101110110001001010011010011010100000000100001111100100101101010110100010111000101011001111
0011101110101101000011110110110000011110111000000010110010100101111000011101100001011011001010001100111101010000111011101001100101110101101010010100100110000010001011001101000101110110001000100100011011100110010110110001111111011011111110100100101000
1100100110101101001101001011000111010001101100100001111001101000111100001000001000010011011000100111001001100011101111000111001100101101010000011010010100110011110111101111111010000101110110100001100010000000101001111100110010111100010111111101011100
1100000000011110000000000000010100011111010011101010001000110101110011011101100001101100001100001101010010111010011010100101100100111010011110110010000111100000001111010011100000000011111000110101011011110011011101111100010000100100001001011111111101
0101000010011010010101111101011111100111001011101101111001010111000110011010111000101101111001111110001011110000011000010100100011000001010010100110011101011001000100101110111010100010100110011010100111110110010100011111000100011000111110110011010010
0110100011011110010101011111100100101111111000111110010011110101101000000101011011100101001000000100100101011011010100100110010111010010111000010111100001110100111011000100101110100010011101110000011110100111101101010110011011010001000100001111000010
1111101101101010001110110010010101000001000110011001010111111100100001100111111001000100100101110010101010001001111111111111000010111101101110001101000001111111111110110000000100011001001011011000010011111011000111101001001010111011100001000100100011
0101101101011010101111101000001000110100000100111111001010010001100011000110001001110110011001101011110100100011111111100100110001001000111011100100000110000001010100000010011010001110000100101110101010101100101011011000010110011100101101001110011100
1000100110100010110000011100001000001100101011011101111110110011000111001101000000100101101010010000101011001100000111010101101010000100010010011011111011010110100000100010001101101011110111101011011000110000001010111110110100100001011011101001111001
1101110111111100000011110010001001000011000001010010111100100010101101011101010101100011001011100100011000000111000010011001111010000010100101010001000010101101011001001010011100010000000110111100101110001010000000110110001001001111011011101010101011
1111111101101001001010111111001100100000100111100011001000010011101011001101101011111101101011010101111001000111000011111101010111011111000000011011110011111010100001010001110110000011010111000111000011100100111010000001001100011010111101100111101110
0110110000000011101111111011111100011100000010100101001010011111011100010100010010001000011111001111101010110101111010000100011111010011101001011110101000101101001101000111011111011101010011001000000101100011000000101010000011000000110010111000100111
0100000011111010000101101100110110001010010100001000001000100000100000000010000010111000000001001111011010101111100000001000011111100011001101000010001000101101000101010010111111111001100000101110100001001010110101110011111100101111000011011011011111
1011110110110011000001110111011101011101011100000101111001110011111111000011100000010010101111101011100000110101000100100100000110000000111010101100010010110111011011011001000000001100010101110110001000111111001011010100010101010111111110011001001100
0100001011001000011100010110100100111110110011110110000100101000010101100100100110111101111110110111001100000111010010011100101100111000010110010100111110001100000011100010011101000100011000110011111111110000111000100101110011110100100010111001011110
0101110001011001100101101110001000011011100011111110101101011101111001100100000101011010011100011000011000111010111011000111110111100100110101001010010100111010111010111101010001101001010101011011010000110001000011011110010110001111111111000001001101
0010000010101111100110111101100000111011011111010001110111000101010000010111101111111101011001101010000100110101000100100110010000010000001000001111011110101101111010001010001001111010001000101011001110001001010111000110100010101111000010101111010111
0011010010101111000111111111010100010111101110010001101001001110101011011111110100100010000011110100100110001100101110111110101010111011101111011011110001100010100010011010001000000101001100111101000001011101001111010000100101111111010100001100011011
0110000111101011111110100001011011001100000011111001000110001100110000101110101110001010110000101001011001000100011101111010111011111101100101100001110000110101101110000010010011110011111011100111000101110010100110111010101011101010101111110000010001
0001111100011101101111111001010100011101110001000011111010010110110101001010100010001101011011110100101101101100011111100000111011110110010010001000111011001000101000000000001000111011011101101111100010100011011011001001110100100111010111110111111010
0011111110111000000111010100100010111011011010001110001111000100100100110101000000000100010010011000000010011100111111100111110001001110100010100111100000010000110001111001101000111100010100111010101110000100001101101101010000000111101101010100011100
1010000001000011101000000001001010010101001001111110111100110100010110010010101100010110010110110100101010111001001011100010101110111111110111111111010100101101111010011110111111010100010001001011110010000100100010101011000111100101111001100000000111
0001110111111101100010011011010100100000001101001000110111100011100001001101010010010001100100000011111011010100001101110110000100000110000001011101001001001011101011001111011100100110000011000110100001000101000101111110100011011110101011011100001010
1000100010010000001000001000110100110000001011000000010100101101000000101100001100101110110000101110010100010000100110011000010000110011011110101110001001010010011010110111100110110000011110000010010001101101111100001111000011111000100001000111011111
1110010001001100001010001100111000000111011010100101101000011001100000011111100100111000100000100010101010110000000001000000110000011110010010101101001001011110010010001101101010001001001001010110001100110110101000001001011010011001100111000000000011
1000000111111101101101101100000100000111000111001101011110010001010001100100000110101000011110010111110111010011001100010010101010100011101001101111111111111100000010110010001001100001110010110000000010001010011110100101101010100001100101111010000111
1011001100001100000110001111110000110011011000101100110011001010011111110010010100001111101111111111010111001001011001111100000011111111000101001000111000111111101101000010111000111010111100010001011001110111110000110100010000000001100111101100100000
1110100110000100111100011000110100111110101000101111111111001111011000011011000011000000101100010111111110011000110100000110110010001011010010110111101111001110010001000011001101011100100100111011110110100010011001100011000111111011001111010101110010
0101011010111110011010001011100010001100110111100111100101011001001111011101100100001000110100100101011010101010100101110001101110101000001111100000001011111000000100110001101110110001111001001000001110001010111011010110101110111010000001101101001101
0000111001111000110111000000111100011011100011000000100001100001101010000000001111001101010111100110001010101110100100110000111100110011011001110100101001010001110110110001011100011111110011010001001111110110100000101101000001101100111010111010101110
1010101000001101100010100010101010110111100001111010110001110111111101111011011110001010110100100100000101111100100101011001101001100000111000100100101100101101000110001111001000101110100011101010100000111110000000111010100010001111100111100010000111
1010100010010110010000101001110101010111001010101111011111110000110010111011000010111110110111110000000000101000001011110001111011110100011010111001100111011100000111010000001110000010110001001101101111011100000001000100010001111001111011111010100010
1110000011110011011111110010100101011001011011110110011000101000000110010010011010110111001111011001111100010100111010111111101100110111101000110100101110101111111111011001011100000011010111010011000011011101001110010000101010110011011100101110001101
1011100011101011101010010100101100011100011110110001011000110010101000010011010010011010011111001001110111111001111110000111011101101010000110010100011000111101010000101000110001001111011001100101101011001000100111101100010011100011101100001110001001
0101001110111001000010000010100100110001010011001001000010001101000111011010100000100000101111100111011011000100100110100110010101000110101111100111111001111101010011000001011111101100011111100001001000111000011110011111111100111101010111001000010000
0000101101110110000011111101111011000000100110011010111010000111110100000000010100011100001010000000101001001101011110100001111101000000110010010100111100111001101111110000101011000111111010101110000010000000101011001100001110110001000101101010000111
1111010111001001000010000011101010010100000000100011100010010000011101110000010101100000001001011010011001101000010111001101011100001100000001001111000010011101111000011110000010001100001010010101101101011101000011101011011101100101111100100110000111
0011000001001101110001110100011000111110101100100011011001100111011100111100001000110001110000010100101101011001000010000011010001100101101100110000000100111000000110000000000011101101001111110110101001001000001101011010010111010001001000100000011100
0010100111110000101000101011110100000100111100010011101000100100010110100010101100111111001111110101100011110100011100101101001101011001000101101011001000101001110010001111101111111101001101110100000001110100111001010010001011000110010100111011011111
0110111010010010110100010100001010111111001011111011011101001110100010110111100001101111101101000000001001100001100011101010101110110000010001100100101101011111110010110001101010011110110000010011001011111010101011110011110101111111110001111110001011
1111101010000011010110101010001101000001001010110001111000011111010110010100000011000001011001111110010001011010111100110100100011001101101101111011001110111011001101101100100000100100101001111010110010101010011011111000001110001101111010011110100101
0100010111011101011111010111011101111111000111100101111101011000010100001101001110000000010010001010010011110010010101010001111101100011111110001011110011100100001100111001111001000101101110111011111100100001010001111100100010000100011010100101000101
1000001100001010101011101111100101011010001110111010000100011100111011011000000111110100111011110101100010011011100101110100110010001010001100001100100010111010111100110001100101101011000101101100000100101011000011001001001101101001100000000110111010
1111111111010110000100100011100011111001100101011101001001110101110011111110011100000011110111110010101111101100100101010000101001010111011000011100011100001100000000011101011111001100110100100110101011110110100110000000100100111110000101001011011001
0001110010001100010011010101100010111000000001110101011110011011100100100111111011010010011111010010010101000101110000010111011101111001110100001100100110100011011101000110010101010100111000110001001010000011101100000101100110010011000100000101010010
0001110010101110000110011110010000100011001110100110110001001111101101011111101001010100110111010101001110010101110000010101110111101100100000111100101001010100100101000101010100010010111101001100110011000010110111010001101100110001010100101011100011
0000110100001010011100100101111100000111000101000111011001111101010011101011001100101101011110001011101110001110101110101111111000001111010111010111111011101100010011010000101010100111101110111101101100101100111010101010011111111000001000100111000010
0100001100110101111110110100101001110011000010010100000111000110010001110110101101110000101100110111010110011100010001101100101111100011010010010011001101000000100100111010110101101101111110010100001001010110010101111010000110010111100111111001001100
1001010001001110101010010000110110010100110011010000111010100000001110110101110111111001101000000101111100000111000101000111000011001101111000101110100110100001011000001110000110111010001011001100011100000001110011000111111111000100101101001110101011
0110001101101001001110101000101100111001010001001010110010001001001001100001101000100101101111100101011000001011101011010000010110001001001000111101001010000101100000110100000011001100111011101101110000011100111010110101100000111111011111100011100010
0000111101110001011011110010100000011110010000100000000101010000100010011011101011110111011100111000100100111011110111000111000010110000111010101111011111000001001101100010100000011010101110011010011100110001010110011010011110100011011010101111001001
0100000100011110001010001111001110011000110010111010010110101011111110110100010110110111011101001011100000110101001110011101101100000100101000100111000101010101010101010010001011101001101001110110101000100100011011010001110011001001110001100000111010
0110010000011100001111001101100000100001111100000100001110001011010100111100111000000000010000100001010001101110001111011001001000110001111100101001000111011100111111100101110010111110111110100101011110001101011011001010000000110010100100011010111111
0110100010010110110010101001111100000010000011000011100001100110111100100110111011110111101100011100001010101011000010000001001000001111111100010000010000111010100111011000110011111010100001010111111100001011000010101101010111010001111111111101001101
1111010111011101100010011001100100111011010001000011011110010110011101000011100110111001111000011010010010110001111110110001010011101111100110011011100011000110011000111101000101010001110000011100100011010001000011101110010100010100111011001100010100
0010010011000001101110000000100100111011011001011111111111000000000101100100001111001001010011010000010111111011010110100010000000111111111001010000001011000110100100001111101001011111001101001011111100100010011101101100111110011010011011001001000011
0111001010010000001011101110001000100101010111000000101000101011010000101010101010010000001000100001110011100000001000011001001100110110111000000011010110010100111101001110101000111111010001101101101000110100110110011101101010000101101101101111100101
1011111001001000101010001110101100110111111100110001111011001100010100110011011100001000101111011101111001011001010010111101010100110110000000111100101110100011111010011100101101000100000101101000110000010001011100001001000100000010110101110100101001
1101010001010000110011001111001110001100011001111001000100111111110101001000101101011101011010001111010100100000110100110100101111010000110100110111100001011000111101000010101111100110100100111001011011111011011011110110101001001001001110010111100000
0111110110100111100110101111010000010001100001010101111000001001110110111110100010010100000101001100001100011101001011101011000100011110100001010000110111001110100111111011101111011100101010011001100110101101000110100101100110110111010100000010110000
0000110010011000100111100110010100111011101010101001001110110000001110011010110000110111110010100000011000100100000100010001011010110100101101100011001010010000000101100110110100011111111011101101101111111011011110011001011111111001111010100110100101
1110110110011101000111111010111100011000111100101010110011001010010110100111010001111100001111100010101000001001111000110001010011000101001001000111000011010000111011000111001010001101010001001111101000100001101011010000101111111100010000001001010011
1110011010110100111100010011010111000111110011001101110001110100111000100100011001000111111110011011000111000011011100010100011100000101011100010100001100010111110110101111000010000001010010101110011000001100001111001110010001010111110010001001001001
1011101101100001101010101100111100011011011001111110101110000000010101010110100010010011001011110101100110011101000111000001110110100001011100111110011000111100110000001110111010011011011111001001100011000100011101011100110011111110100101110100011010
1010010100111111000111110001010000101010001101010100010100111110100111010000110101100111101001101000011110001000011001000011111111010011010010011101100100001100101110011110101001011110111011110000001101001011001101100001101011010110001010001100000111
1110011100000010101000110001010011001010010011101110100010110101111101011101010000010011100100111100111100000000011110011100001100001100110000010000010000111011111010110101111010100000010110111011001110001111101010110110011001101100001111100101100010
0001101111110101001011011110011110001001010100101111000011001101011100100011011100101111010000100110010000011010010010111001000000100000111101000011110110000101011101010010011110101010001010001010100010001101000001111110010011101001100100111101000011
0000100011100100001100110011010010110010100010100011000100010011101100011000110011010111010010010100101111111000101001010101001011010000010001011100101000010000110100011111111001010111010011111100000000100000011010000001110100010110001010000101001101
1010010001011100000111111010101101011010011111101101100000011000001011010111100001100101000010100010011111101000000101110011110011110110100101111101001000000101011001000011100000110000111110101000001010001101110011100001000001111010100011100111001000
1101010111001110110001110011010010001001101111011111101111101011100010000110010111000101011100001100111101001011100110101010000000100010100110100000010100101000010111010010000000001111100101100011011110111010111000000010110010110111111110110100011110
1000110000101001100011100100011110100100111011110110111100111111100100000111011010010111111010100101001100100100001011011000011000010010010000101011100101100011100011110110010111001111001001010100110101100101111000101101000111011011100010110110011011
0101101111111001111001100010011010010001110101011011101001011010000100111000000000100000001011101010000010101010110000100111011100100000110110111010000010001101010100101110100010000010010001010111101001010111100110110100011101110000011101001001111001
1001101101001111100001000000110111001011010001111101101011001110000100100010111101001000000111100111101010010011011001111100000111110000010001101011001111000000011001111100111000111111000110011001001111010011101011100001111101100000111100111100100110
1001111011010001101101101001001001100010000010001001101110111110001101000100101101110000011111011011011001000110001110101001100100110011101101010110001110101101000001101011100001010101101011111100101011001111010000001110111101110101100111001101000111
0001000110100110001010010001010110100101101111010111101001110101001000010001100010101101000100000000010011100101011000010001110100011011101001101000101001110000110110011011110101100100001001000001001001101010011010001000100111110101010101001010000101
1000010111101000101101110001101100000110101010010000111111111010010110011011100110011110010000100101010111101001100100000110101111100000110000011111001010100100011011100111111000010101110010111010101000010010110110011001110111101100000110101100001110
1100000101110000001010110111000111100100010000111011001000000101100101010100100100100110001001100100000010100111011011110100001100101111111001101110010101001101001110110101011010001010101110110001010001001100011111110001100001100110010010111001010011
0000011100100010110101000000100011000000010110010011011011011111100101001001011110000000001111010011011101011111111010100011101111110011010101010101000000011011110110110101001011001001111100111100010101110001101111001000110010000110111111010001000110
0011010000100110111111010101010100010001110010010110100011111001101000100000011000111000111010000101101011001011001111100101110001110011101011101010110111111111000101110100111100100001001000100000011001011001100100010110000111101101000111110111110101
1000111010100111101010010101011101110001010000011100110101010011100101000000110001101000100000001000100011111011011101101011110001001001101110101110000101100100011100110101111001010111010000111001110111100000011100111110100101100110001101100101100000
1010011111101101000000110001011110010100111010100101001000011100101101011100011001011111100101111100011001011111000010110010011011000111110110010110000110000110101010111011101100001110110011111001110111000011000100110101001100100101000101110011011001
1000111010010011101000110101101011110111111011110100100101000110100001100110011000001101101001011010001011000010100110000110000011011100100111101101111110101110000010101001000101010001100010010001011010111111110101000000110000010101111001110001000110
0000101010110001011000011110010000010000111001100101010101100101000011110100100101111110101001001000000110011001101100011000000010101111111001011001010111001000010000110100110011011010101011110101111011000101000001100100010111000111100010101101101001
1000000010001111111110000110001100111100011111001100001110001000001001111001100010010111110110110100100110111110011100010100010001101000100001000100001001000101000000110010010111110100001100001001001000001111111101011001010000011100011011000111101101
1011011011000001110101101101100111111101010101001010111111010110011101110011101101111010110111111000010011010101101000001011000011011010010111001001111001100010010111110100110000100001011110011110100010111110111101000100111011100100101000101001011001
0001010010010101111111111111111000010011110111110000000010110011111010011001110111011011101110000001011011000011000010010000001011001111111001100000100001010110010110111110110100101100010100111110010011101010100001111010111110001111010000111001110010
0111111010110001101011010001011111010000100111110111001011011001001101001101011111111001111010000010011000001011111110111010110110100111101111010001100010100010010101100111101100101011011111111100001010101010011010111001100011101110011000101010000001
